59.31875, 58.63125, 60.06875, 60.51875, 58.80625, 59.0625, 59.48125, 59.28125, 59.1125, 59.5875, 58.7375, 58.337500000000006, 59.2375, 58.6375, 58.63125, 59.412499999999994, 58.325, 56.900000000000006, 58.925, 61.150000000000006
[[0 4 2 5 1 3]
 [4 5 3 2 1 0]
 [4 0 3 5 2 1]
 [4 5 3 2 1 0]
 [5 3 1 0 4 2]
 [1 0 4 2 5 3]
 [4 3 2 5 1 0]
 [5 4 3 2 1 0]
 [4 3 2 5 1 0]
 [5 0 3 4 2 1]
 [1 4 0 3 2 5]
 [5 3 1 0 4 2]
 [4 0 3 5 2 1]
 [2 3 5 4 1 0]
 [4 3 2 5 1 0]
 [4 3 2 5 1 0]
 [4 3 2 5 1 0]
 [5 3 1 0 4 2]
 [1 4 0 3 2 5]
 [5 3 1 0 4 2]]
61.150000000000006, 60.51875, 59.0625, 60.51875, 59.412499999999994, 59.1125, 59.5875, 59.48125, 59.5875, 58.7375, 59.2375, 59.412499999999994, 59.0625, 60.06875, 59.5875, 59.5875, 59.5875, 59.412499999999994, 59.2375, 59.412499999999994
[[0 4 2 5 1 3]
 [4 5 3 2 1 0]
 [0 4 2 5 1 3]
 [4 3 2 5 1 0]
 [0 4 2 5 1 3]
 [5 3 1 0 4 2]
 [1 4 0 3 2 5]
 [4 5 3 2 1 0]
 [4 3 2 5 1 0]
 [4 3 2 5 1 0]
 [1 0 4 2 5 3]
 [4 3 2 5 1 0]
 [0 4 2 5 1 3]
 [4 3 2 5 1 0]
 [4 3 2 5 1 0]
 [0 4 2 5 1 3]
 [1 0 4 2 5 3]
 [4 3 2 5 1 0]
 [4 3 2 5 1 0]
 [4 3 2 5 1 0]]
61.150000000000006, 60.51875, 61.150000000000006, 59.5875, 61.150000000000006, 59.412499999999994, 59.2375, 60.51875, 59.5875, 59.5875, 59.1125, 59.5875, 61.150000000000006, 59.5875, 59.5875, 61.150000000000006, 59.1125, 59.5875, 59.5875, 59.5875
[[0 4 2 5 1 3]
 [0 4 2 5 1 3]
 [0 4 2 5 1 3]
 [4 3 2 5 1 0]
 [0 4 2 5 1 3]
 [0 4 2 5 1 3]
 [0 4 2 5 1 3]
 [4 3 2 5 1 0]
 [0 4 2 5 1 3]
 [1 0 4 2 5 3]
 [0 4 2 5 1 3]
 [4 3 2 5 1 0]
 [0 4 2 5 1 3]
 [4 5 3 2 1 0]
 [1 0 4 2 5 3]
 [4 3 2 5 1 0]
 [4 3 2 5 1 0]
 [4 3 2 5 1 0]
 [0 4 2 5 1 3]
 [4 5 3 2 1 0]]
61.150000000000006, 61.150000000000006, 61.150000000000006, 59.5875, 61.150000000000006, 61.150000000000006, 61.150000000000006, 59.5875, 61.150000000000006, 59.1125, 61.150000000000006, 59.5875, 61.150000000000006, 60.51875, 59.1125, 59.5875, 59.5875, 59.5875, 61.150000000000006, 60.51875
[[0 4 2 5 1 3]
 [0 4 2 5 1 3]
 [0 4 2 5 1 3]
 [4 3 2 5 1 0]
 [4 3 2 5 1 0]
 [0 4 2 5 1 3]
 [4 5 3 2 1 0]
 [0 4 2 5 1 3]
 [0 4 2 5 1 3]
 [0 4 2 5 1 3]
 [4 3 2 5 1 0]
 [0 4 2 5 1 3]
 [0 4 2 5 1 3]
 [0 4 2 1 5 3]
 [0 4 2 5 1 3]
 [0 4 2 5 1 3]
 [4 3 2 5 1 0]
 [0 4 2 5 1 3]
 [0 4 2 5 1 3]
 [4 5 3 2 1 0]]
61.150000000000006, 61.150000000000006, 61.150000000000006, 59.5875, 59.5875, 61.150000000000006, 60.51875, 61.150000000000006, 61.150000000000006, 61.150000000000006, 59.5875, 61.150000000000006, 61.150000000000006, 57.8, 61.150000000000006, 61.150000000000006, 59.5875, 61.150000000000006, 61.150000000000006, 60.51875
[[0 4 2 5 1 3]
 [0 4 2 5 1 3]
 [0 4 2 5 1 3]
 [4 3 2 5 1 0]
 [0 4 2 5 1 3]
 [0 4 2 5 1 3]
 [0 4 2 5 1 3]
 [0 4 2 5 1 3]
 [0 4 2 5 1 3]
 [0 4 2 5 1 3]
 [4 5 3 2 1 0]
 [0 4 2 5 1 3]
 [0 4 2 5 1 3]
 [0 4 2 5 1 3]
 [0 4 2 5 1 3]
 [0 4 2 5 1 3]
 [0 4 2 5 1 3]
 [0 4 2 5 1 3]
 [0 4 2 5 1 3]
 [4 3 2 5 1 0]]
Best configuration found: [0 4 2 5 1 3]
Fitness of best configuration: 61.150000000000006